! numero totale di parametri presenti nel file
23
! numero totale delle stazioni presenti nel file
75
! Tabella analizzatori (codici di corrispondenza tra stazioni <--> inquinanti)
! analizzatore non presente ---> -1
! Il campo "attiva" seleziona le stazioni operative (0 non esistente , 1 operativa)
CodiceProvincia      NomeStazione      CodiceStazione   attiva   NO2   NOX   NO   PM10   PM2.5   O3   CO   BENZENE   SO2   PIOGGIA   RADG   VV   DV   TEMP   UMR   RADN   PRESS   EBENZENE   TOLUENE   M-XYLENE   O-XYLENE   P-XYLENE   MP-XYLENE 
   dummy                dummy              paramcd        -->     04    02   03    25      39    07   06      62      01      23      22    12   13    18     19    21      20       64        63        66          65         67          73
     01              ArenulaVecchia          01            0      01    01   01    01      01    01   01      01      01      -1      -1    -1   -1    -1     -1    -1      -1       01        01        01          01         01          01
     01              Preneste                02            1      01    01   01    01      01    01   01      01      01      01      01    -1   -1    -1     -1    -1      -1       01        01        01          01         01          01
     01              Francia                 03            1      01    01   01    01      01    01   01      01      01      -1      01    -1   -1    -1     -1    -1      -1       01        01        01          01         01          01
     01              FermiVecchia            04            0      01    01   01    01      01    01   01      01      01      -1      -1    -1   -1    -1     -1    -1      -1       01        01        01          01         01          01
     01              MGrecia                 05            1      01    01   01    01      01    01   01      01      01      -1      01    -1   -1    -1     -1    -1      -1       01        01        01          01         01          01
     01              Libia                   06            0      01    01   01    01      01    01   01      01      01      -1      -1    -1   -1    -1     -1    -1      -1       01        01        01          01         01          01
     01              Montezemolo             07            0      01    01   01    01      01    01   01      01      01      -1      -1    -1   -1    -1     -1    -1      -1       01        01        01          01         01          01
     01              Cinecitta               08            1      01    01   01    01      01    01   01      01      01      -1      01    -1   -1    -1     -1    -1      -1       01        01        01          01         01          01
     01              TiburtinaVecchia        09            0      01    01   01    01      01    01   01      01      01      -1      01    -1   -1    -1     -1    -1      -1       01        01        01          01         01          01
     01              Saredo                  33            0      -1    -1   -1    -1      -1    -1   -1      -1      -1      01      01    -1   -1    -1     -1    -1      -1       -1        -1        -1          -1         -1          -1
     01              VillaAda                39            1      01    01   01    01      01    01   01      01      01      01      01    01   01    01     01    01      01       02        01        01          01         01          01
     01              Guido                   40            1      01    01   01    01      01    01   01      01      01      -1      -1    -1   -1    -1     -1    -1      -1       01        01        01          01         01          01
     01              Cavaliere               41            1      01    01   01    01      01    01   01      01      01      -1      -1    -1   -1    -1     -1    -1      -1       01        01        01          01         01          01
     01              Fermi                   47            1      01    01   01    01      01    01   01      01      01      -1      -1    -1   -1    -1     -1    -1      -1       01        01        01          01         01          01
     01              Bufalotta               48            1      01    01   01    01      01    01   01      01      01      -1      -1    -1   -1    -1     -1    -1      -1       01        01        01          01         01          01
     01              Cipro                   49            1      01    01   01    01      01    01   01      01      01      -1      -1    -1   -1    -1     -1    -1      -1       01        01        01          01         01          01
     01              Tiburtina               55            1      01    01   01    01      01    01   01      01      01      -1      01    -1   -1    -1     -1    -1      -1       01        01        01          01         01          01
     01              Arenula                 56            1      01    01   01    01      01    01   01      01      01      -1      -1    -1   -1    -1     -1    -1      -1       01        01        01          01         01          01
     01              Ciampino                45            1      01    01   01    01      01    01   01      01      01      -1      -1    -1   -1    -1     -1    -1      -1       01        01        01          01         01          01
     01              Colleferro10            10            1      01    01   01    01      01    01   01      01      01      01      01    -1   -1    -1     -1    -1      -1       01        01        01          01         01          01
     01              Colleferro11            11            1      01    01   01    01      01    01   01      01      01      -1      -1    -1   -1    -1     -1    -1      -1       01        01        01          01         01          01
     01              Pomezia                 13            0      01    01   01    -1      -1    -1   -1      -1      01      -1      -1    -1   -1    -1     -1    -1      -1       01        01        01          01         01          01
     01              Allumiere               14            1      01    01   01    01      01    01   01      01      01      -1      -1    -1   -1    -1     -1    -1      -1       01        01        01          01         01          01
     01              Civitavecchia           15            1      01    01   01    01      01    01   01      01      01      01      01    -1   -1    -1     -1    -1      -1       01        01        01          01         01          01
     01              Guidonia                16            1      01    01   01    01      01    01   01      01      01      -1      -1    -1   -1    -1     -1    -1      -1       01        01        01          01         01          01
     01              Segni                   38            0      01    01   01    01      01    01   01      01      01      01      01    -1   -1    -1     -1    -1      -1       01        01        01          01         01          01
     01              Malagrotta              57            1      01    01   01    01      01    01   01      01      01      -1      -1    -1   -1    -1     -1    -1      -1       01        01        01          01         01          01
     01              Boncompagni             58            1      01    01   01    01      01    01   01      01      01      -1      -1    -1   -1    -1     -1    -1      -1       01        01        01          01         01          01
     01              CivPorto                60            1      01    01   01    01      01    01   01      01      01      -1      -1    -1   -1    -1     -1    -1      -1       01        01        01          01         01          01
     01              CivAlbani               83            1      01    01   01    01      01    01   01      01      01      01      01    01   01    01     01    01      01       01        01        01          01         01          01
     01              CivMorandi              84            1      01    01   01    01      01    01   01      01      01      01      01    01   01    01     01    01      01       01        01        01          01         01          01
     01              CivRoma                 85            1      01    01   01    01      01    01   01      01      01      01      01    01   01    01     01    01      01       01        01        01          01         01          01
     01              Fium-Porto              86            1      01    01   01    01      01    01   01      01      01      -1      -1    -1   -1    -1     -1    -1      -1       01        01        01          01         01          01
     01              Fium-Guglielmi          87            1      01    01   01    01      01    01   01      01      01      -1      -1    -1   -1    -1     -1    -1      -1       01        01        01          01         01          01
     04              Rieti                   17            1      01    01   01    01      01    01   01      02      01      -1      -1    -1   -1    -1     -1    -1      -1       02        02        01          02         01          01
     04              RT-Meteo                18            0      -1    -1   -1    -1      -1    -1   -1      -1      -1      01      01    01   01    01     01    01      01       -1        -1        -1          -1         -1          -1
     04              Leonessa                37            1      01    01   01    01      01    01   01      01      01      01      01    -1   -1    -1     -1    -1      -1       01        01        01          01         01          01
     03              LT-Romagnoli            19            0      01    01   01	   01      01    01   01      02      01      -1      -1    -1   -1    -1     -1    -1      -1       02        02        02          02         01          01
     03              LT-Tasso                20            1      01    01   01    01      01    01   01      01      01      -1      -1    -1   -1    -1     -1    -1      -1       01        01        01          01         01          01
     03              LT-Meteo                21            0      -1    -1   -1    -1      -1    -1   -1      -1      -1      01      01    01   01    -1     -1    -1      -1       -1        -1        -1          -1         -1          -1
     03              Aprilia1                22            0      01    01   01    -1      -1    -1   01      -1      01      -1      -1    -1   -1    -1     -1    -1      -1       01        01        01          01         01          01
     03              Aprilia2                23            1      01    01   01    01      01    01   01      01      01      -1      -1    -1   -1    -1     -1    -1      -1       01        01        01          01         01          01
     03              GaetaPorto              61            1      01    01   01    01      01    01   01      01      01      -1      -1    -1   -1    -1     -1    -1      -1       01        01        01          01         01          01
     03              LT-DeChirico            63            1      01    01   01    01      01    01   01      01      01      -1      -1    -1   -1    -1     -1    -1      -1       01        01        01          01         01          01
     03              LT-Scalo                51            1      01    01   01    01      01    01   01      01      01      -1      -1    -1   -1    -1     -1    -1      -1       01        01        01          01         01          01
     03              Cisterna                34            0      01    01   01    -1      -1    01   -1      -1      01      -1      -1    -1   -1    -1     -1    -1      -1       01        01        01          01         01          01
     02              FR-Meteo                24            0      -1    -1   -1    -1      -1    -1   -1      -1      -1      01      01    01   01    01     01    01      01       -1        -1        -1          -1         -1          -1
     02              Patrica                 25            0      01    01   01    -1      -1    -1   01      -1      01      -1      -1    -1   -1    -1     -1    -1      -1       01        01        01          01         01          01
     02              Frosinone               26            0      01    01   01    01      -1    -1   01      01      01      -1      -1    -1   -1    -1     -1    -1      -1       01        01        01          01         01          01
     02              Ceccano                 27            1      01    01   01    01      01    01   01      01      01      -1      -1    -1   -1    -1     -1    -1      -1       01        01        01          01         01          01
     02              Ferentino               28            1      01    01   01    01      01    01   01      01      01      01      01    -1   -1    -1     -1    -1      -1       01        01        01          01         01          01
     02              Anagni                  29            1      01    01   01    01      01    01   01      01      01      -1      -1    -1   -1    -1     -1    -1      -1       01        01        01          01         01          01
     02              Alatri                  35            1      01    01   01    01      01    01   01      01      01      01      01    -1   -1    -1     -1    -1      -1       01        01        01          01         01          01
     02              Fontechiari             36            1      01    01   01    01      01    01   01      01      01      01      01    -1   -1    -1     -1    -1      -1       01        01        01          01         01          01
     02              Cassino                 52            1      01    01   01    01      01    01   01      01      01      01      01    -1   -1    -1     -1    -1      -1       01        01        01          01         01          01
     02              FrosinoneScalo          62            1      01    01   01    01      01    01   01      02      01      -1      -1    -1   -1    -1     -1    -1      -1       02        02        01          02         01          01
     02              ViaMazzini              71            1      01    01   01    01      01    01   01      01      01      -1      -1    -1   -1    -1     -1    -1      -1       01        01        01          01         01          01
     05              CivitaCastellana        30            0      01    01   01    01      01    01   01      01      01      -1      -1    -1   -1    -1     -1    -1      -1       01        01        01          01         01          01
     05              CivitaCastPetra         90            1      01    01   01    01      01    01   01      01      01      -1      -1    -1   -1    -1     -1    -1      -1       01        01        01          01         01          01
     05              VT-Meteo                31            0      -1    -1   -1    -1      -1    -1   -1      -1      -1      01      01    01   01    01     01    01      01       -1        -1        -1          -1         -1          -1
     05              Viterbo                 32            1      01    01   01    01      01    01   01      02      01      -1      -1    -1   -1    -1     -1    -1      -1       02        02        01          02         01          01
     05              Acquapendente           59            1      01    01   01    01      01    01   01      01      01      -1      -1    -1   -1    -1     -1    -1      -1       01        01        01          01         01          01
     02              MezzoMobile1            70            1      01    01   01    01      01    01   01      01      01      01      01    01   01    01     01    01      01       02        01        01          01         01          01
     02              MezzoMobile2            72            1      01    01   01    01      01    01   01      01      01      01      01    01   01    02     02    01      01       02        01        01          01         01          01
     08              Aurelia                101            1      01    01   01    02      01    01   01      01      01      -1      -1    -1   -1    -1     -1    -1      -1       -1        -1        -1          -1         -1          -1
     08              S-Agostino             102            1      01    01   01    02      01    02   01      01      01      -1      -1    -1   -1    -1     -1    -1      -1       -1        -1        -1          -1         -1          -1
     08              Fiumaretta             103            1      01    01   01    02      02    01   01      01      01      -1      -1    -1   -1    -1     -1    -1      -1       -1        -1        -1          -1         -1          -1
     08              Faro                   104            1      01    01   01    01      01    01   01      01      01      -1      -1    -1   -1    -1     -1    -1      -1       -1        -1        -1          -1         -1          -1
     08              CampoOro               105            1      01    01   01    01      01    01   01      01      01      -1      -1    -1   -1    -1     -1    -1      -1       -1        -1        -1          -1         -1          -1
     08              S-Gordiano             106            1      01    01   01    02      01    01   01      01      01      -1      -1    -1   -1    -1     -1    -1      -1       -1        -1        -1          -1         -1          -1
     08              Allumiere2             107            1      01    01   01    01      01    01   01      01      01      -1      -1    -1   -1    -1     -1    -1      -1       -1        -1        -1          -1         -1          -1
     08              Tolfa                  108            1      01    01   01    02      01    01   01      01      01      -1      -1    -1   -1    -1     -1    -1      -1       -1        -1        -1          -1         -1          -1
     08              S-Marinella            109            1      01    01   01    01      01    01   01      01      01      -1      -1    -1   -1    -1     -1    -1      -1       -1        -1        -1          -1         -1          -1
     08              Tarquinia              110            1      01    01   01    01      01    01   01      01      01      -1      -1    -1   -1    -1     -1    -1      -1       -1        -1        -1          -1         -1          -1
     08              M-Romano               111            1      01    01   01    02      01    01   01      01      01      -1      -1    -1   -1    -1     -1    -1      -1       -1        -1        -1          -1         -1          -1
